ans =

   1   0   0   0   0   0   0   0   0   0

z2 =

 Columns 1 through 10:

  -2.936847  -2.450586   4.955103   0.074930   0.872417   5.650147  -4.523186  -6.415969   5.651214  -3.871566

 Columns 11 through 20:

  -2.559556  -3.810333  -3.027614  -2.938397  -5.464211   2.060519   4.820889  -2.231704   1.717906   1.372081

 Columns 21 through 25:

  -3.712931   4.109366   3.566356   2.813886  -2.119522

a2 =

 Columns 1 through 10:

   1.0000000   0.0503619   0.0793957   0.9930020   0.5187237   0.7052483   0.9964953   0.0107378   0.0016326   0.9964991

 Columns 11 through 20:

   0.0204009   0.0717872   0.0216612   0.0461938   0.0502878   0.0042178   0.8870062   0.9920048   0.0969394   0.847-- l8589

 Columns 21 through 26:

   0.7977161   0.0238244   0.9838470   0.9725180   0.9434216   0.1072138

z3 =

   -9.0910   -6.3514   -5.9782  -10.9030   -4.6616   -5.5193   -5.1947   -7.8200   -5.0324    5.4528

a3 =

 Columns 1 through 9:

   1.1266e-04   1.7413e-03   2.5270e-03   1.8403e-05   9.3626e-03   3.9927e-03   5.5152e-03   4.0147e-04   6.4807e-03

 Column 10:

   9.9573e-01

error2 =

 Columns 1 through 9:

  -6.9099e-02  -8.7387e-02   4.8936e-03   1.0329e-01  -7.9527e-02   2.0603e-03  -7.0731e-03  -1.1842e-03   2.1589e-04

 Columns 10 through 18:

  -2.4461e-02  -1.1616e-01  -5.7204e-02  -9.7190e-02  -8.1553e-02  -3.8601e-03   8.7222e-02   9.3731e-03  -1.6322e-0-- l1

 Columns 19 through 25:

   5.4400e-02   2.7105e-01  -3.2500e-02   1.3249e-02  -7.2013e-03   6.7171e-02  -1.2500e-01

error3 =

 Columns 1 through 9:

   1.1266e-04   1.7413e-03   2.5270e-03   1.8403e-05   9.3626e-03   3.9927e-03   5.5152e-03   4.0147e-04   6.4807e-03

 Column 10:

   9.9573e-01
