ans =

   1   0   0   0   0   0   0   0   0   0

ans =

 Columns 1 through 10:

  -2.936847  -2.450586   4.955103   0.074930   0.8724175.650147  -4.523186  -6.415969   5.651214  -3.871566

 Columns 11 through 20:

  -2.559556  -3.810333  -3.027614  -2.938397  -5.4642112.060519   4.820889  -2.231704   1.717906   1.372081

 Columns 21 through 25:

  -3.712931   4.109366   3.566356   2.813886  -2.119522

ans =

 Columns 1 through 10:

   1.0000000   0.0503619   0.0793957   0.9930020   0.5187237   0.7052483   0.9964953   0.0107378   0.0016326   0.9964991

 Columns 11 through 20:

   0.0204009   0.0717872   0.0216612   0.0461938   0.0502878   0.0042178   0.8870062   0.9920048   0.0969394   0.8478589

 Columns 21 through 26:

   0.7977161   0.0238244   0.9838470   0.9725180   0.9434216   0.1072138

ans =

   -9.0910   -6.3514   -5.9782  -10.9030   -4.6616   -5.5193   -5.1947   -7.8200   -5.0324    5.4528

ans =

 Columns 1 through 9:

   1.1266e-04   1.7413e-03   2.5270e-03   1.8403e-05   9.3626e-03   3.9927e-03   5.5152e-03   4.0147e-04   6.4807e-03

 Column 10:

   9.9573e-01

ans =

 Columns 1 through 9:

  -2.5604e-04   1.6461e-03  -4.6688e-05  -9.5976e-03  -4.7892e-03  -1.1490e-04   4.4552e-05  -3.2028e-05  -4.2890e-06

 Columns 10 through 18:

   1.5948e-04   2.0896e-04   4.3007e-04   3.7564e-04  -6.9366e-04  -4.1091e-05  -8.2857e-04  -3.8472e-05   5.1495e-04

 Columns 19 through 25:

   3.0656e-03  -6.6817e-03  -6.5369e-04  -3.8738e-04  -5.7848e-04  -1.1566e-03   2.0737e-03

ans =

 Columns 1 through 9:

   1.1266e-04   1.7413e-03   2.5270e-03   1.8403e-05   9.3626e-03   3.9927e-03   5.5152e-03   4.0147e-04   6.4807e-03

 Column 10:

  -4.2660e-03
